50
3
1 2 3
2 3 5
3 5 6
2 3 4
1 2 3
4
2 4 6 9
6 8 10 13
3 4 6 8
4 6 8 11
7 9 11 13
5 6 8 10
1 3 5 7
2
2 5
5 6
2 4
3
2 3 4
1 2 3
3 4 5
3 4 5
1 2 3
7
50 66 99 133 151 177 179
23 30 49 59 63 64 89
30 44 65 66 82 85 97
64 119 162 177 188 210 234
79 97 148 151 192 234 259
63 106 140 151 168 189 192
89 122 165 179 195 222 259
68 85 123 150 189 210 222
59 92 117 133 145 150 151
23 36 49 50 57 68 79
49 65 97 117 140 162 165
36 44 72 92 106 119 122
57 82 117 145 168 188 195
4
4 7 11 12
9 11 12 14
11 12 13 17
6 10 12 13
8 12 14 17
3 6 9 11
6 7 10 12
3
3 4 5
2 3 4
3 4 5
2 3 4
1 2 3
3
1 2 3
2 3 4
1 2 3
2 3 4
3 4 5
3
1 2 3
3 8 10
1 4 5
5 8 10
2 7 8
4
2 4 5 9
1 2 3 7
3 5 6 11
2 4 5 10
8 10 11 13
7 9 12 13
1 2 3 8
2
7 8
3 7
6 8
10
10 11 12 13 14 15 16 17 18 19
6 7 8 9 10 11 12 13 14 15
4 5 6 7 8 9 10 11 12 13
1 2 3 4 5 6 7 8 9 10
1 2 3 4 5 6 7 8 9 10
7 8 9 10 11 12 13 14 15 16
4 5 6 7 8 9 10 11 12 13
3 4 5 6 7 8 9 10 11 12
5 6 7 8 9 10 11 12 13 14
9 10 11 12 13 14 15 16 17 18
6 7 8 9 10 11 12 13 14 15
8 9 10 11 12 13 14 15 16 17
2 3 4 5 6 7 8 9 10 11
8 9 10 11 12 13 14 15 16 17
3 4 5 6 7 8 9 10 11 12
9 10 11 12 13 14 15 16 17 18
2 3 4 5 6 7 8 9 10 11
10 11 12 13 14 15 16 17 18 19
5 6 7 8 9 10 11 12 13 14
4
1 7 8 25
1 14 35 49
14 18 40 41
8 40 78 99
25 41 102 126
49 61 99 126
35 58 78 102
4
3 4 5 6
4 5 6 7
2 3 4 5
1 2 3 4
3 4 5 6
2 3 4 5
4 5 6 7
7
43 44 45 46 47 48 49
1 2 3 4 5 6 7
6 13 20 27 34 41 48
15 16 17 18 19 20 21
5 12 19 26 33 40 47
4 11 18 25 32 39 46
36 37 38 39 40 41 42
1 8 15 22 29 36 43
8 9 10 11 12 13 14
7 14 21 28 35 42 49
3 10 17 24 31 38 45
2 9 16 23 30 37 44
22 23 24 25 26 27 28
7
6 10 11 13 15 16 18
7 10 11 12 15 16 18
2 4 7 8 10 11 13
4 8 9 11 12 13 17
1 2 3 4 6 7 8
6 8 9 11 13 15 17
3 4 6 8 10 11 13
8 13 15 17 18 19 21
5 7 8 9 11 12 15
9 11 12 13 16 18 19
1 3 5 6 7 9 10
10 13 15 17 18 20 21
3 6 8 9 11 12 15
7
3 4 5 6 7 8 9
1 2 3 4 5 6 7
2 3 4 5 6 7 8
4 5 6 7 8 9 10
4 5 6 7 8 9 10
1 2 3 4 5 6 7
5 6 7 8 9 10 11
7 8 9 10 11 12 13
6 7 8 9 10 11 12
6 7 8 9 10 11 12
2 3 4 5 6 7 8
7 8 9 10 11 12 13
5 6 7 8 9 10 11
7
5 10 14 17 19 20 30
4 9 13 16 17 18 29
4 9 13 16 17 18 28
3 8 12 13 14 15 26
22 24 27 29 31 32 34
5 10 14 17 19 20 31
1 2 3 4 5 6 22
6 11 15 18 20 21 32
6 11 15 18 20 21 33
2 7 8 9 10 11 24
1 2 3 4 5 6 23
3 8 12 13 14 15 27
2 7 8 9 10 11 25
4
6 8 9 11
2 4 6 7
7 10 11 12
2 4 5 7
7 8 11 12
5 7 9 11
4 6 7 8
9
2 3 4 7 11 14 18 21 23
7 15 18 20 22 27 28 32 36
11 18 19 24 28 32 34 38 42
4 11 15 17 21 23 26 27 33
22 26 27 32 38 41 45 47 50
14 18 23 27 32 35 37 39 42
23 29 33 36 42 43 47 50 52
18 23 25 29 30 37 41 45 47
2 4 5 6 10 14 18 22 23
18 21 26 28 34 38 41 42 45
23 26 30 37 41 42 45 50 52
3 7 11 13 17 18 21 26 29
14 20 21 26 29 35 38 41 43
21 25 28 33 36 39 42 47 50
4 7 11 15 18 20 23 25 26
5 11 15 18 19 21 25 28 30
6 13 17 20 24 26 29 33 37
7
16 21 24 28 30 38 42
14 19 21 25 28 33 35
2 7 10 14 18 19 20
7 8 12 17 19 21 24
2 7 8 9 14 16 20
14 18 23 24 25 28 31
10 15 18 20 21 24 25
7 8 15 18 21 23 26
9 17 20 24 25 28 32
18 21 24 25 28 30 35
19 23 26 28 33 38 41
20 24 25 31 35 41 45
8 12 18 23 24 26 30
2
6 8
2 4
2 6
2
5 8
6 8
4 5
4
2 6 10 14
5 6 7 8
3 7 11 15
1 5 9 13
9 10 11 12
1 2 3 4
13 14 15 16
10
19 24 28 30 35 40 43 46 49 52
20 26 30 31 33 36 40 43 49 50
13 17 20 21 25 27 31 32 35 37
14 18 22 24 26 30 34 37 40 43
16 21 25 27 28 31 35 38 43 45
6 11 14 17 20 22 25 28 30 32
12 17 23 24 27 30 31 33 36 37
5 8 12 14 17 18 21 24 26 28
3 5 6 7 9 12 15 16 19 21
23 28 32 33 36 37 43 44 52 53
19 24 28 30 32 33 38 40 46 48
9 12 14 17 20 23 26 27 28 30
7 13 17 19 21 24 27 30 31 33
3 6 9 10 13 14 16 19 20 23
6 8 11 13 14 17 20 22 24 25
15 20 26 28 31 34 35 38 40 43
9 14 20 22 25 26 28 32 33 36
21 25 30 33 37 43 45 48 50 53
10 14 17 19 22 24 28 29 30 33
2
3 4
3 6
6 8
5
5 7 10 12 13
4 6 8 9 10
2 4 5 6 7
6 8 11 14 15
2 4 5 6 7
6 9 12 14 15
5 8 10 11 12
7 10 12 15 16
7 10 13 15 16
10
129 135 147 186 209 214 228 231 234 279
112 156 159 176 204 210 226 234 276 298
65 71 82 102 112 149 163 169 176 208
95 138 149 163 167 193 195 228 235 274
90 116 136 149 156 171 187 214 225 249
145 161 165 217 226 249 274 283 298 302
87 89 96 125 145 156 167 185 204 232
41 67 76 88 110 136 149 156 159 190
106 151 156 169 185 199 215 231 260 283
128 175 190 208 232 247 256 279 300 302
64 82 88 102 125 136 161 186 203 217
24 25 48 64 69 90 95 106 112 128
30 50 52 82 99 116 138 151 156 175
119 130 142 161 164 187 195 215 226 256
132 136 160 203 222 225 235 260 276 300
24 30 41 65 87 104 119 129 132 145
48 52 76 82 96 130 142 147 160 165
69 99 110 112 145 161 164 209 222 226
104 129 130 136 161 171 193 199 210 247
6
14 16 18 23 26 30
8 10 14 17 21 24
4 8 10 12 15 17
2 4 6 8 11 14
7 10 11 14 16 18
11 15 18 21 22 26
5 8 9 10 13 16
14 17 20 24 27 30
11 13 16 20 22 27
10 12 15 17 20 23
6 9 11 15 18 20
10
2 12 22 32 42 52 62 72 82 92
71 72 73 74 75 76 77 78 79 80
1 11 21 31 41 51 61 71 81 91
4 14 24 34 44 54 64 74 84 94
21 22 23 24 25 26 27 28 29 30
5 15 25 35 45 55 65 75 85 95
3 13 23 33 43 53 63 73 83 93
10 20 30 40 50 60 70 80 90 100
11 12 13 14 15 16 17 18 19 20
61 62 63 64 65 66 67 68 69 70
51 52 53 54 55 56 57 58 59 60
81 82 83 84 85 86 87 88 89 90
6 16 26 36 46 56 66 76 86 96
41 42 43 44 45 46 47 48 49 50
9 19 29 39 49 59 69 79 89 99
8 18 28 38 48 58 68 78 88 98
31 32 33 34 35 36 37 38 39 40
1 2 3 4 5 6 7 8 9 10
7 17 27 37 47 57 67 77 87 97
4
4 6 7 11
7 11 13 17
4 7 10 11
6 11 12 14
7 13 16 19
10 12 16 18
11 14 19 21
9
18 20 28 32 35 38 40 43 47
9 13 16 18 20 24 28 29 33
14 19 24 28 31 32 35 36 40
3 8 13 17 19 21 22 25 29
16 19 24 25 32 34 35 40 45
2 5 9 10 14 15 18 22 26
23 25 33 35 40 45 47 50 52
7 12 16 21 24 28 29 31 35
10 17 21 22 23 25 32 33 35
2 3 7 11 14 16 18 21 23
18 22 29 32 34 35 40 44 47
14 17 20 23 31 32 34 37 42
5 8 12 13 17 19 20 22 25
11 13 18 22 28 30 32 34 38
22 25 31 34 37 40 43 47 50
21 22 29 33 36 42 44 47 48
15 21 28 30 32 34 38 42 45
2
2 22
22 222
2 22
2
2 3
3 5
2 4
10
13 19 22 23 28 31 34 38 43 48
21 30 32 34 42 43 46 47 50 55
4 8 11 14 18 22 26 28 32 33
14 21 23 27 30 33 37 41 45 49
1 4 6 7 9 13 14 15 17 21
19 32 35 38 39 43 45 46 48 50
9 17 18 20 26 29 32 36 39 44
23 33 39 43 44 48 49 50 52 55
7 16 17 18 23 28 31 35 38 43
7 14 17 18 20 23 27 29 30 34
11 18 19 23 26 28 30 34 38 42
1 4 6 7 11 13 16 17 19 23
6 12 15 17 19 24 30 31 35 39
17 28 31 35 36 38 41 42 43 47
15 24 25 29 34 35 40 42 46 50
6 11 15 17 18 22 23 25 29 32
4 8 12 16 17 19 21 24 28 30
16 26 30 31 32 34 37 40 42 46
17 28 29 30 38 39 42 43 48 52
2
2 3
2 4
3 5
7
15 16 20 23 27 29 34
9 11 14 18 20 21 23
15 16 19 23 26 28 29
13 14 19 21 24 28 31
4 6 10 11 13 14 16
7 10 13 14 17 19 23
17 20 23 24 29 31 34
4 6 8 11 13 16 20
2 4 7 9 12 15 17
8 11 16 18 20 23 24
12 13 17 20 23 24 27
2 4 7 8 10 13 15
7 8 13 16 17 19 20
2
2 6
4 8
2 4
4
9 14 18 23
6 7 8 14
7 12 13 18
1 6 7 10
5 7 12 15
1 5 6 9
10 15 20 23
4
2 5 7 9
7 9 12 15
4 7 9 12
2 4 5 6
5 9 12 14
9 12 14 18
5 7 9 12
10
10 12 13 15 17 18 20 23 25 26
4 6 8 9 10 11 12 13 14 16
11 13 17 21 23 25 27 29 30 32
8 10 11 14 15 17 19 21 23 25
6 9 12 14 15 17 18 20 22 23
9 11 15 17 18 19 22 24 26 28
3 6 8 10 12 13 14 15 16 18
13 14 19 23 25 26 29 31 33 35
13 15 18 20 21 24 26 29 31 32
14 16 20 22 23 26 27 30 33 34
11 13 15 17 18 19 21 25 26 28
2 3 4 6 7 9 10 11 13 14
16 18 21 23 24 28 29 32 35 36
12 14 17 18 20 22 24 27 29 31
14 16 21 25 26 28 31 32 34 36
2 4 6 8 10 11 12 13 14 16
10 12 16 19 20 21 24 26 27 29
4 8 10 11 13 15 17 18 20 21
6 8 10 12 13 15 16 17 19 21
10
13 17 19 26 31 33 37 41 44 47
10 13 15 23 30 31 33 36 40 43
4 9 11 18 19 22 23 29 32 34
26 29 34 38 43 47 52 56 58 60
12 16 18 22 23 26 30 32 35 36
19 23 24 32 33 39 43 46 50 56
2 6 8 12 16 17 18 22 23 26
16 18 19 26 30 31 32 33 39 42
6 8 9 10 13 17 18 23 26 28
3 8 9 16 18 20 22 26 28 29
8 9 11 12 15 19 21 24 28 32
23 28 32 35 40 44 49 50 52 57
2 3 4 8 10 13 15 19 20 23
17 20 22 27 31 33 36 39 40 44
20 26 28 35 39 40 47 50 52 58
18 22 23 28 33 37 39 43 47 51
22 26 29 32 36 41 45 46 50 55
8 10 12 22 26 27 28 32 35 38
15 18 21 30 32 36 39 45 49 52
10
1 2 3 4 5 6 7 8 9 47
1 2 3 4 5 6 7 8 9 46
47 48 51 52 55 57 59 60 62 64
5 13 20 26 31 32 33 34 35 54
4 12 19 25 26 27 28 29 30 52
7 15 22 28 33 37 40 41 42 59
7 15 22 28 33 37 40 41 42 58
3 11 18 19 20 21 22 23 24 51
5 13 20 26 31 32 33 34 35 55
6 14 21 27 32 36 37 38 39 57
8 16 23 29 34 38 41 43 44 61
9 17 24 30 35 39 42 44 45 62
6 14 21 27 32 36 37 38 39 56
46 49 50 53 54 56 58 61 63 64
3 11 18 19 20 21 22 23 24 50
4 12 19 25 26 27 28 29 30 53
2 10 11 12 13 14 15 16 17 48
9 17 24 30 35 39 42 44 45 63
8 16 23 29 34 38 41 43 44 60
8
7 10 12 16 18 21 23 25
9 12 13 19 22 24 27 28
11 15 17 21 23 25 29 32
14 16 20 23 27 29 30 31
2 4 6 7 9 12 14 16
2 4 5 7 9 11 13 16
13 17 20 23 24 28 30 33
4 7 9 10 12 15 17 18
7 11 13 16 19 21 23 25
9 13 16 18 22 23 24 26
6 10 11 12 13 17 20 22
4 7 10 11 13 15 16 18
16 18 22 25 26 29 31 36
16 18 23 25 28 32 33 36
12 15 18 21 24 25 28 29
2
4 8
2 6
6 8
7
9 13 15 18 19 21 24
6 12 13 16 20 22 25
23 25 33 38 39 47 51
12 17 19 28 30 38 39
8 12 13 14 17 20 21
15 20 21 30 31 43 47
8 14 18 25 27 33 38
5 8 9 12 15 19 23
12 16 21 25 28 30 34
5 6 7 8 12 15 17
17 21 24 34 36 47 51
19 22 28 33 38 43 47
7 13 15 21 24 28 33
6
10 16 17 22 24 31
12 15 19 22 23 28
15 20 27 31 33 34
11 17 18 23 27 33
4 7 8 10 11 12
4 6 10 12 13 15
12 20 24 28 29 34
8 12 15 19 23 27
10 13 15 17 18 24
7 11 13 15 16 20
13 16 23 24 27 29
2
22 222
2 22
22 222
7
8 10 12 13 16 18 19
2 5 7 9 10 11 13
10 12 14 16 19 21 23
6 9 11 12 14 15 16
5 8 10 12 13 15 17
8 11 13 15 18 20 22
1 2 3 5 6 8 10
11 13 14 17 18 22 23
6 10 11 14 16 17 18
3 6 8 11 12 13 14
1 3 4 6 8 10 11
3 5 6 8 10 11 12
10 11 13 15 17 20 21
2
6 8
4 8
2 4
